5
857
464
535
313
724
668
905
913
254
825
820
910
469
956
775
318
124
143
712
735
663
89
104
702
397
840
149
757
451
361
278
783
357
152
793
659
326
166
720
28
24
739
717
422
376
434
851
865
507
32
629
749
492
214
906
928
112
701
369
580
850
400
488
574
332
562
482
827
358
130
137
243
473
121
641
128
903
368
131
343
285
49
442
47
418
934
494
812
635
541
291
700
690
921
55
652
649
241
694
508
219
765
429
147
715
703
271
233
151
342
878
819
1
890
466
483
671
534
798
586
103
155
919
997
107
385
40
692
633
222
212
485
527
832
579
110
989
189
758
558
383
909
237
707
789
591
768
458
740
782
818
446
273
183
315
132
21
85
788
711
160
419
101
661
467
655
617
437
999
477
413
987
614
346
859
9
816
985
391
698
634
322
612
530
129
230
681
414
573
961
187
750
779
226
207
561
947
647
377
771
886
79
831
695
239
519
868
314
860
896
38
823
784
964
952
660
501
826
168
356
480
729
650
944
545
716
496
673
743
746
165
159
279
893
83
797
754
169
978
871
119
830
242
595
551
858
642
639
907
582
489
755
559
684
972
866
941
328
302
359
288
52
953
41
428
984
91
474
174
181
572
998
875
299
325
340
680
925
135
751
116
678
920
887
454
280
345
491
118
390
794
844
594
371
65
581
321
115
30
270
502
341
631
257
481
696
977
206
852
360
770
790
511
407
42
200
602
897
542
3
120
373
968
261
102
384
184
653
833
460
810
435
604
753
465
39
841
333
727
364
176
351
405
762
12
811
917
632
156
593
355
306
995
555
806
211
198
813
250
842
20
504
117
756
127
611
251
689
513
172
924
563
856
672
560
791
950
553
497
520
804
624
946
938
427
96
185
277
193
56
125
926
745
303
697
15
296
774
220
316
353
942
901
374
945
815
610
687
670
236
880
381
97
461
300
245
269
290
992
544
67
420
664
382
354
733
430
599
608
578
283
923
98
549
621
834
877
248
394
669
64
439
8
126
734
710
708
846
51
951
194
423
13
966
747
295
693
208
31
787
658
936
930
867
80
510
495
205
869
453
847
547
44
805
490
927
69
929
528
914
817
539
71
4
255
163
809
597
476
763
718
240
393
463
281
973
105
182
7
443
389
178
319
365
643
665
571
627
136
61
981
795
425
531
113
837
339
63
48
470
975
468
524
209
25
59
190
275
379
996
688
92
337
722
298
626
449
569
224
139
462
709
780
54
235
45
515
630
76
737
90
386
814
583
441
616
210
980
704
699
548
57
786
493
518
308
153
873
175
596
217
412
19
706
954
367
584
863
1000
123
362
203
536
808
73
778
848
872
225
334
289
640
532
229
922
829
404
450
406
939
350
637
179
982
969
311
81
904
613
589
399
199
592
565
622
512
683
676
447
387
912
895
675
974
375
575
883
297
317
17
861
767
799
657
395
164
554
588
705
180
16
835
292
943
916
188
760
577
638
86
50
122
398
623
533
294
114
145
293
935
221
259
645
766
142
471
662
444
327
301
186
772
523
348
424
884
556
902
177
651
667
106
108
976
330
22
234
785
93
517
738
725
776
287
615
970
849
965
53
679
150
167
601
268
478
46
674
654
773
411
264
587
889
540
828
537
759
522
347
312
836
484
134
33
23
197
246
455
881
648
994
732
37
619
266
215
62
567
487
900
95
625
686
728
498
218
677
618
955
748
714
598
158
937
267
500
94
66
636
472
140
196
191
231
84
286
605
862
146
854
366
988
908
564
253
888
204
154
201
232
58
344
256
894
568
570
600
72
363
529
962
516
803
144
109
800
380
607
948
170
550
769
34
521
993
499
78
721
736
417
590
274
456
6
723
543
957
853
730
960
459
372
855
933
173
421
620
436
213
802
891
792
713
666
331
845
526
192
77
839
807
408
656
603
609
777
731
796
628
457
305
282
879
336
876
272
870
349
864
525
141
646
918
682
60
324
82
552
244
329
824
43
742
764
228
958
506
940
392
885
432
260
133
426
509
35
258
10
433
963
448
752
14
148
576
403
202
409
932
309
949
100
307
36
505
252
396
335
68
801
822
284
195
741
986
438
161
486
606
843
320
352
70
388
262
263
111
744
874
410
821
959
479
503
967
370
265
557
445
440
983
338
882
585
11
88
75
310
18
514
475
415
971
990
74
898
685
566
247
216
761
87
157
899
323
402
691
719
931
171
726
276
416
452
378
27
892
538
162
838
249
304
2
915
911
29
223
138
99
991
644
431
979
26
227
546
238
401
781